step	t	dt	phi_p_avg	phi_p_min	phi_p_max	phi_r_avg	phi_r_min	phi_r_max	phi_m_avg	phi_m_min	phi_m_max	residuals	max_rate_of_change	free_energy
0	0.00000000	1.000e-04	1.5000e-01	1.5000e-01	1.5000e-01	0.0000e+00	0.0000e+00	0.0000e+00	9.5766e-10	3.3355e-17	1.9391e-08	9.2835e-08	3.1979e-06	5.9220e-02
50	0.11639085	1.174e-02	1.5000e-01	1.4947e-01	1.5393e-01	0.0000e+00	0.0000e+00	0.0000e+00	1.2435e-06	2.0913e-14	2.6203e-05	2.2414e-09	3.4750e-04	4.3443e-02
100	13.35257802	8.000e-01	1.5000e-01	1.4082e-01	3.1277e-01	0.0000e+00	0.0000e+00	0.0000e+00	3.1018e-04	1.6545e-12	1.6467e-02	2.7821e-06	8.0113e-03	-4.4987e-01
150	53.14759190	1.000e+00	1.5000e-01	1.3553e-01	5.1748e-01	0.0000e+00	0.0000e+00	0.0000e+00	3.2399e-03	7.1909e-11	1.6887e-01	1.1721e-04	4.3016e-03	2.6941e+00
200	103.14759190	1.000e+00	1.5000e-01	1.3669e-01	3.8604e-01	0.0000e+00	0.0000e+00	0.0000e+00	7.1381e-03	8.9258e-10	2.1550e-01	8.4841e-06	6.4721e-04	1.0887e+01
250	153.14759190	1.000e+00	1.5000e-01	1.3694e-01	3.5767e-01	0.0000e+00	0.0000e+00	0.0000e+00	8.6995e-03	4.0392e-09	2.1180e-01	1.2857e-06	1.6594e-04	1.2500e+01
300	203.14759190	1.000e+00	1.5000e-01	1.3693e-01	3.5422e-01	0.0000e+00	0.0000e+00	0.0000e+00	9.3915e-03	1.2584e-08	2.0961e-01	3.1272e-07	5.9650e-05	1.2763e+01
350	253.14759190	1.000e+00	1.5000e-01	1.3679e-01	3.5357e-01	0.0000e+00	0.0000e+00	0.0000e+00	9.7715e-03	3.5432e-08	2.0909e-01	9.8674e-08	2.6143e-05	1.2898e+01
400	303.14759190	1.000e+00	1.5001e-01	1.3669e-01	3.5318e-01	0.0000e+00	0.0000e+00	0.0000e+00	9.9918e-03	8.3168e-08	2.0896e-01	4.3943e-08	1.2709e-05	1.2975e+01
450	353.14759190	1.000e+00	1.5003e-01	1.3664e-01	3.5296e-01	0.0000e+00	0.0000e+00	0.0000e+00	1.0120e-02	1.5321e-07	2.0889e-01	2.0887e-08	6.4595e-06	1.3012e+01
500	403.14759190	1.000e+00	1.5005e-01	1.3664e-01	3.5287e-01	0.0000e+00	0.0000e+00	0.0000e+00	1.0194e-02	2.3088e-07	2.0886e-01	8.7891e-09	3.3767e-06	1.3027e+01
550	453.14759190	1.000e+00	1.5008e-01	1.3665e-01	3.5285e-01	0.0000e+00	0.0000e+00	0.0000e+00	1.0239e-02	3.0192e-07	2.0886e-01	5.9496e-09	1.8437e-06	1.3035e+01
600	503.14759190	1.000e+00	1.5013e-01	1.3668e-01	3.5285e-01	0.0000e+00	0.0000e+00	0.0000e+00	1.0267e-02	3.5901e-07	2.0888e-01	9.5001e-09	2.3644e-06	1.3041e+01
650	553.14759190	1.000e+00	1.5018e-01	1.3672e-01	3.5287e-01	0.0000e+00	0.0000e+00	0.0000e+00	1.0286e-02	4.0103e-07	2.0892e-01	1.2889e-08	3.0168e-06	1.3049e+01
700	603.14759190	1.000e+00	1.5023e-01	1.3676e-01	3.5290e-01	0.0000e+00	0.0000e+00	0.0000e+00	1.0301e-02	4.3013e-07	2.0897e-01	1.5320e-08	3.4811e-06	1.3058e+01
750	653.14759190	1.000e+00	1.5028e-01	1.3681e-01	3.5293e-01	0.0000e+00	0.0000e+00	0.0000e+00	1.0313e-02	4.4945e-07	2.0902e-01	1.6953e-08	3.7886e-06	1.3069e+01
800	703.14759190	1.000e+00	1.5034e-01	1.3686e-01	3.5295e-01	0.0000e+00	0.0000e+00	0.0000e+00	1.0324e-02	4.6190e-07	2.0908e-01	1.8011e-08	3.9853e-06	1.3081e+01
850	753.14759190	1.000e+00	1.5040e-01	1.3690e-01	3.5298e-01	0.0000e+00	0.0000e+00	0.0000e+00	1.0335e-02	4.6980e-07	2.0915e-01	1.8679e-08	4.1084e-06	1.3094e+01
900	803.14759190	1.000e+00	1.5046e-01	1.3695e-01	3.5301e-01	0.0000e+00	0.0000e+00	0.0000e+00	1.0345e-02	4.7479e-07	2.0921e-01	1.9092e-08	4.1846e-06	1.3108e+01
950	853.14759190	1.000e+00	1.5052e-01	1.3700e-01	3.5303e-01	0.0000e+00	0.0000e+00	0.0000e+00	1.0355e-02	4.7798e-07	2.0928e-01	1.9347e-08	4.2317e-06	1.3122e+01
1000	903.14759190	1.000e+00	1.5058e-01	1.3705e-01	3.5306e-01	0.0000e+00	0.0000e+00	0.0000e+00	1.0366e-02	4.8008e-07	2.0934e-01	1.9504e-08	4.2613e-06	1.3137e+01
